-23.00
789.00
4051.00
9320.00
17442.00
26404.00
36851.00
50708.00
65730.00
84751.00
103916.00
126608.00
147698.00
168477.00
187483.00
207103.00
223768.00
240825.00
255191.00
269763.00
281914.00
293043.00
304131.00
313188.00
322050.00
329147.00
335358.00
341201.00
345645.00
349615.00
352427.00
354693.00
356043.00
356760.00
356868.00
356402.00
355347.00
354036.00
352516.00
350609.00
348605.00
346208.00
343967.00
341590.00
339647.00
338069.00
336892.00
336420.00
336702.00
337831.00
340060.00
343141.00
343451.00
